  0.000000000000000E+000
   3.00000000000000     
   6.00000000000000     
   9.00000000000000     
   12.0000000000000     
   15.0000000000000     
   18.0000000000000     
   21.0000000000000     
   24.0000000000000     
   27.0000000000000     
   30.0000000000000     
   33.0000000000000     
   36.0000000000000     
   39.0000000000000     
   42.0000000000000     
   45.0000000000000     
   48.0000000000000     
   51.0000000000000     
   54.0000000000000     
   57.0000000000000     
   60.0000000000000     
   63.0000000000000     
   66.0000000000000     
   69.0000000000000     
   72.0000000000000     
   75.0000000000000     
   78.0000000000000     
   81.0000000000000     
   84.0000000000000     
   87.0000000000000     
   90.0000000000000     
   93.0000000000000     
   96.0000000000000     
   99.0000000000000     
   102.000000000000     
   105.000000000000     
   108.000000000000     
   111.000000000000     
   114.000000000000     
   117.000000000000     
   120.000000000000     
   123.000000000000     
   126.000000000000     
   129.000000000000     
   132.000000000000     
   135.000000000000     
   138.000000000000     
   141.000000000000     
   144.000000000000     
   147.000000000000     
   150.000000000000     
   153.000000000000     
   156.000000000000     
   159.000000000000     
   162.000000000000     
   165.000000000000     
   168.000000000000     
   171.000000000000     
   174.000000000000     
   177.000000000000     
   180.000000000000     
   183.000000000000     
   186.000000000000     
   189.000000000000     
   192.000000000000     
   195.000000000000     
   198.000000000000     
   201.000000000000     
   204.000000000000     
   207.000000000000     
   210.000000000000     
   213.000000000000     
   216.000000000000     
   219.000000000000     
   222.000000000000     
   225.000000000000     
   228.000000000000     
   231.000000000000     
   234.000000000000     
   237.000000000000     
   240.000000000000     
   243.000000000000     
   246.000000000000     
   249.000000000000     
   252.000000000000     
   255.000000000000     
   258.000000000000     
   261.000000000000     
   264.000000000000     
   267.000000000000     
   270.000000000000     
   273.000000000000     
   276.000000000000     
   279.000000000000     
   282.000000000000     
   285.000000000000     
   288.000000000000     
   291.000000000000     
   294.000000000000     
   297.000000000000     
   300.000000000000     
   303.000000000000     
   306.000000000000     
   309.000000000000     
   312.000000000000     
   315.000000000000     
   318.000000000000     
   321.000000000000     
   324.000000000000     
   327.000000000000     
   330.000000000000     
   333.000000000000     
   336.000000000000     
   339.000000000000     
   342.000000000000     
   345.000000000000     
   348.000000000000     
   351.000000000000     
   354.000000000000     
   357.000000000000     
   360.000000000000     
   363.000000000000     
   366.000000000000     
   369.000000000000     
   372.000000000000     
   375.000000000000     
   378.000000000000     
   381.000000000000     
   384.000000000000     
   387.000000000000     
   390.000000000000     
   393.000000000000     
   396.000000000000     
   399.000000000000     
   402.000000000000     
   405.000000000000     
   408.000000000000     
   411.000000000000     
   414.000000000000     
   417.000000000000     
   420.000000000000     
   423.000000000000     
   426.000000000000     
   429.000000000000     
   432.000000000000     
   435.000000000000     
   438.000000000000     
   441.000000000000     
   444.000000000000     
   447.000000000000     
   450.000000000000     
   453.000000000000     
   456.000000000000     
   459.000000000000     
   462.000000000000     
   465.000000000000     
   468.000000000000     
   471.000000000000     
   474.000000000000     
   477.000000000000     
   480.000000000000     
   483.000000000000     
   486.000000000000     
   489.000000000000     
   492.000000000000     
   495.000000000000     
   498.000000000000     
   501.000000000000     
   504.000000000000     
   507.000000000000     
   510.000000000000     
   513.000000000000     
   516.000000000000     
   519.000000000000     
   522.000000000000     
   525.000000000000     
   528.000000000000     
   531.000000000000     
   534.000000000000     
   537.000000000000     
   540.000000000000     
   543.000000000000     
   546.000000000000     
   549.000000000000     
   552.000000000000     
   555.000000000000     
   558.000000000000     
   561.000000000000     
   564.000000000000     
   567.000000000000     
   570.000000000000     
   573.000000000000     
   576.000000000000     
   579.000000000000     
   582.000000000000     
   585.000000000000     
   588.000000000000     
   591.000000000000     
   594.000000000000     
   597.000000000000     
   600.000000000000     
   603.000000000000     
   606.000000000000     
   609.000000000000     
   612.000000000000     
   615.000000000000     
   618.000000000000     
   621.000000000000     
   624.000000000000     
   627.000000000000     
   630.000000000000     
   633.000000000000     
   636.000000000000     
   639.000000000000     
   642.000000000000     
   645.000000000000     
   648.000000000000     
   651.000000000000     
   654.000000000000     
   657.000000000000     
   660.000000000000     
   663.000000000000     
   666.000000000000     
   669.000000000000     
   672.000000000000     
   675.000000000000     
   678.000000000000     
   681.000000000000     
   684.000000000000     
   687.000000000000     
   690.000000000000     
   693.000000000000     
   696.000000000000     
   699.000000000000     
   702.000000000000     
   705.000000000000     
   708.000000000000     
   711.000000000000     
   714.000000000000     
   717.000000000000     
   720.000000000000     
   723.000000000000     
   726.000000000000     
   729.000000000000     
   732.000000000000     
   735.000000000000     
   738.000000000000     
   741.000000000000     
   744.000000000000     
   747.000000000000     
   750.000000000000     
   753.000000000000     
   756.000000000000     
   759.000000000000     
   762.000000000000     
   765.000000000000     
   768.000000000000     
   771.000000000000     
   774.000000000000     
   777.000000000000     
   780.000000000000     
   783.000000000000     
   786.000000000000     
   789.000000000000     
   792.000000000000     
   795.000000000000     
   798.000000000000     
   801.000000000000     
   804.000000000000     
   807.000000000000     
   810.000000000000     
   813.000000000000     
   816.000000000000     
   819.000000000000     
   822.000000000000     
   825.000000000000     
   828.000000000000     
   831.000000000000     
   834.000000000000     
   837.000000000000     
   840.000000000000     
   843.000000000000     
   846.000000000000     
   849.000000000000     
   852.000000000000     
   855.000000000000     
   858.000000000000     
   861.000000000000     
   864.000000000000     
   867.000000000000     
   870.000000000000     
   873.000000000000     
   876.000000000000     
   879.000000000000     
   882.000000000000     
   885.000000000000     
   888.000000000000     
   891.000000000000     
   894.000000000000     
   897.000000000000     
   900.000000000000     
   903.000000000000     
   906.000000000000     
   909.000000000000     
   912.000000000000     
   915.000000000000     
   918.000000000000     
   921.000000000000     
   924.000000000000     
   927.000000000000     
   930.000000000000     
   933.000000000000     
   936.000000000000     
   939.000000000000     
   942.000000000000     
   945.000000000000     
   948.000000000000     
   951.000000000000     
   954.000000000000     
   957.000000000000     
   960.000000000000     
   963.000000000000     
   966.000000000000     
   969.000000000000     
   972.000000000000     
   975.000000000000     
   978.000000000000     
   981.000000000000     
   984.000000000000     
   987.000000000000     
   990.000000000000     
   993.000000000000     
   996.000000000000     
   999.000000000000     
   1002.00000000000     
   1005.00000000000     
   1008.00000000000     
   1011.00000000000     
   1014.00000000000     
   1017.00000000000     
   1020.00000000000     
   1023.00000000000     
   1026.00000000000     
   1029.00000000000     
   1032.00000000000     
   1035.00000000000     
   1038.00000000000     
   1041.00000000000     
   1044.00000000000     
   1047.00000000000     
   1050.00000000000     
   1053.00000000000     
   1056.00000000000     
   1059.00000000000     
   1062.00000000000     
   1065.00000000000     
   1068.00000000000     
   1071.00000000000     
   1074.00000000000     
   1077.00000000000     
   1080.00000000000     
   1083.00000000000     
   1086.00000000000     
   1089.00000000000     
   1092.00000000000     
   1095.00000000000     
   1098.00000000000     
   1101.00000000000     
   1104.00000000000     
   1107.00000000000     
   1110.00000000000     
   1113.00000000000     
   1116.00000000000     
   1119.00000000000     
   1122.00000000000     
   1125.00000000000     
   1128.00000000000     
   1131.00000000000     
   1134.00000000000     
   1137.00000000000     
   1140.00000000000     
   1143.00000000000     
   1146.00000000000     
   1149.00000000000     
   1152.00000000000     
   1155.00000000000     
   1158.00000000000     
   1161.00000000000     
   1164.00000000000     
   1167.00000000000     
   1170.00000000000     
   1173.00000000000     
   1176.00000000000     
   1179.00000000000     
   1182.00000000000     
   1185.00000000000     
   1188.00000000000     
   1191.00000000000     
   1194.00000000000     
   1197.00000000000     
   1200.00000000000     
   1203.00000000000     
   1206.00000000000     
   1209.00000000000     
   1212.00000000000     
   1215.00000000000     
   1218.00000000000     
   1221.00000000000     
   1224.00000000000     
   1227.00000000000     
   1230.00000000000     
   1233.00000000000     
   1236.00000000000     
   1239.00000000000     
   1242.00000000000     
   1245.00000000000     
   1248.00000000000     
   1251.00000000000     
   1254.00000000000     
   1257.00000000000     
   1260.00000000000     
   1263.00000000000     
   1266.00000000000     
   1269.00000000000     
   1272.00000000000     
   1275.00000000000     
   1278.00000000000     
   1281.00000000000     
   1284.00000000000     
   1287.00000000000     
   1290.00000000000     
   1293.00000000000     
   1296.00000000000     
   1299.00000000000     
   1302.00000000000     
   1305.00000000000     
   1308.00000000000     
   1311.00000000000     
   1314.00000000000     
   1317.00000000000     
   1320.00000000000     
   1323.00000000000     
   1326.00000000000     
   1329.00000000000     
   1332.00000000000     
   1335.00000000000     
   1338.00000000000     
   1341.00000000000     
   1344.00000000000     
   1347.00000000000     
   1350.00000000000     
   1353.00000000000     
   1356.00000000000     
   1359.00000000000     
   1362.00000000000     
   1365.00000000000     
   1368.00000000000     
   1371.00000000000     
   1374.00000000000     
   1377.00000000000     
   1380.00000000000     
   1383.00000000000     
   1386.00000000000     
   1389.00000000000     
   1392.00000000000     
   1395.00000000000     
   1398.00000000000     
   1401.00000000000     
   1404.00000000000     
   1407.00000000000     
   1410.00000000000     
   1413.00000000000     
   1416.00000000000     
   1419.00000000000     
   1422.00000000000     
   1425.00000000000     
   1428.00000000000     
   1431.00000000000     
   1434.00000000000     
   1437.00000000000     
   1440.00000000000     
   1443.00000000000     
   1446.00000000000     
   1449.00000000000     
   1452.00000000000     
   1455.00000000000     
   1458.00000000000     
   1461.00000000000     
   1464.00000000000     
   1467.00000000000     
   1470.00000000000     
   1473.00000000000     
   1476.00000000000     
   1479.00000000000     
   1482.00000000000     
   1485.00000000000     
   1488.00000000000     
   1491.00000000000     
   1494.00000000000     
   1497.00000000000     
   1500.00000000000     
   1503.00000000000     
   1506.00000000000     
   1509.00000000000     
   1512.00000000000     
   1515.00000000000     
   1518.00000000000     
   1521.00000000000     
   1524.00000000000     
   1527.00000000000     
   1530.00000000000     
   1533.00000000000     
   1536.00000000000     
   1539.00000000000     
   1542.00000000000     
   1545.00000000000     
   1548.00000000000     
   1551.00000000000     
   1554.00000000000     
   1557.00000000000     
   1560.00000000000     
   1563.00000000000     
   1566.00000000000     
   1569.00000000000     
   1572.00000000000     
   1575.00000000000     
   1578.00000000000     
   1581.00000000000     
   1584.00000000000     
   1587.00000000000     
   1590.00000000000     
   1593.00000000000     
   1596.00000000000     
   1599.00000000000     
   1602.00000000000     
   1605.00000000000     
   1608.00000000000     
   1611.00000000000     
   1614.00000000000     
   1617.00000000000     
   1620.00000000000     
   1623.00000000000     
   1626.00000000000     
   1629.00000000000     
   1632.00000000000     
   1635.00000000000     
   1638.00000000000     
   1641.00000000000     
   1644.00000000000     
   1647.00000000000     
   1650.00000000000     
   1653.00000000000     
   1656.00000000000     
   1659.00000000000     
   1662.00000000000     
   1665.00000000000     
   1668.00000000000     
   1671.00000000000     
   1674.00000000000     
   1677.00000000000     
   1680.00000000000     
   1683.00000000000     
   1686.00000000000     
   1689.00000000000     
   1692.00000000000     
   1695.00000000000     
   1698.00000000000     
   1701.00000000000     
   1704.00000000000     
   1707.00000000000     
   1710.00000000000     
   1713.00000000000     
   1716.00000000000     
   1719.00000000000     
   1722.00000000000     
   1725.00000000000     
   1728.00000000000     
   1731.00000000000     
   1734.00000000000     
   1737.00000000000     
   1740.00000000000     
   1743.00000000000     
   1746.00000000000     
   1749.00000000000     
   1752.00000000000     
   1755.00000000000     
   1758.00000000000     
   1761.00000000000     
   1764.00000000000     
   1767.00000000000     
   1770.00000000000     
   1773.00000000000     
   1776.00000000000     
   1779.00000000000     
   1782.00000000000     
   1785.00000000000     
   1788.00000000000     
   1791.00000000000     
   1794.00000000000     
   1797.00000000000     
   1800.00000000000     
   1803.00000000000     
   1806.00000000000     
   1809.00000000000     
   1812.00000000000     
   1815.00000000000     
   1818.00000000000     
   1821.00000000000     
   1824.00000000000     
   1827.00000000000     
   1830.00000000000     
   1833.00000000000     
   1836.00000000000     
   1839.00000000000     
   1842.00000000000     
   1845.00000000000     
   1848.00000000000     
   1851.00000000000     
   1854.00000000000     
   1857.00000000000     
   1860.00000000000     
   1863.00000000000     
   1866.00000000000     
   1869.00000000000     
   1872.00000000000     
   1875.00000000000     
   1878.00000000000     
   1881.00000000000     
   1884.00000000000     
   1887.00000000000     
   1890.00000000000     
   1893.00000000000     
   1896.00000000000     
   1899.00000000000     
   1902.00000000000     
   1905.00000000000     
   1908.00000000000     
   1911.00000000000     
   1914.00000000000     
   1917.00000000000     
   1920.00000000000     
   1923.00000000000     
   1926.00000000000     
   1929.00000000000     
   1932.00000000000     
   1935.00000000000     
   1938.00000000000     
   1941.00000000000     
   1944.00000000000     
   1947.00000000000     
   1950.00000000000     
   1953.00000000000     
   1956.00000000000     
   1959.00000000000     
   1962.00000000000     
   1965.00000000000     
   1968.00000000000     
   1971.00000000000     
   1974.00000000000     
   1977.00000000000     
   1980.00000000000     
   1983.00000000000     
   1986.00000000000     
   1989.00000000000     
   1992.00000000000     
   1995.00000000000     
   1998.00000000000     
   2001.00000000000     
   2004.00000000000     
   2007.00000000000     
   2010.00000000000     
   2013.00000000000     
   2016.00000000000     
   2019.00000000000     
   2022.00000000000     
   2025.00000000000     
   2028.00000000000     
   2031.00000000000     
   2034.00000000000     
   2037.00000000000     
   2040.00000000000     
   2043.00000000000     
   2046.00000000000     
   2049.00000000000     
   2052.00000000000     
   2055.00000000000     
   2058.00000000000     
   2061.00000000000     
   2064.00000000000     
   2067.00000000000     
   2070.00000000000     
   2073.00000000000     
   2076.00000000000     
   2079.00000000000     
   2082.00000000000     
   2085.00000000000     
   2088.00000000000     
   2091.00000000000     
   2094.00000000000     
   2097.00000000000     
   2100.00000000000     
   2103.00000000000     
   2106.00000000000     
   2109.00000000000     
   2112.00000000000     
   2115.00000000000     
   2118.00000000000     
   2121.00000000000     
   2124.00000000000     
   2127.00000000000     
   2130.00000000000     
   2133.00000000000     
   2136.00000000000     
   2139.00000000000     
   2142.00000000000     
   2145.00000000000     
   2148.00000000000     
   2151.00000000000     
   2154.00000000000     
   2157.00000000000     
   2160.00000000000     
   2163.00000000000     
   2166.00000000000     
   2169.00000000000     
   2172.00000000000     
   2175.00000000000     
   2178.00000000000     
   2181.00000000000     
   2184.00000000000     
   2187.00000000000     
   2190.00000000000     
   2193.00000000000     
   2196.00000000000     
   2199.00000000000     
   2202.00000000000     
   2205.00000000000     
   2208.00000000000     
   2211.00000000000     
   2214.00000000000     
   2217.00000000000     
   2220.00000000000     
   2223.00000000000     
   2226.00000000000     
   2229.00000000000     
   2232.00000000000     
   2235.00000000000     
   2238.00000000000     
   2241.00000000000     
   2244.00000000000     
   2247.00000000000     
   2250.00000000000     
   2253.00000000000     
   2256.00000000000     
   2259.00000000000     
   2262.00000000000     
   2265.00000000000     
   2268.00000000000     
   2271.00000000000     
   2274.00000000000     
   2277.00000000000     
   2280.00000000000     
   2283.00000000000     
   2286.00000000000     
   2289.00000000000     
   2292.00000000000     
   2295.00000000000     
   2298.00000000000     
   2301.00000000000     
   2304.00000000000     
   2307.00000000000     
   2310.00000000000     
   2313.00000000000     
   2316.00000000000     
   2319.00000000000     
   2322.00000000000     
   2325.00000000000     
   2328.00000000000     
   2331.00000000000     
   2334.00000000000     
   2337.00000000000     
   2340.00000000000     
   2343.00000000000     
   2346.00000000000     
   2349.00000000000     
   2352.00000000000     
   2355.00000000000     
   2358.00000000000     
   2361.00000000000     
   2364.00000000000     
   2367.00000000000     
   2370.00000000000     
   2373.00000000000     
   2376.00000000000     
   2379.00000000000     
   2382.00000000000     
   2385.00000000000     
   2388.00000000000     
   2391.00000000000     
   2394.00000000000     
   2397.00000000000     
   2400.00000000000     
   2403.00000000000     
   2406.00000000000     
   2409.00000000000     
   2412.00000000000     
   2415.00000000000     
   2418.00000000000     
   2421.00000000000     
   2424.00000000000     
   2427.00000000000     
   2430.00000000000     
   2433.00000000000     
   2436.00000000000     
   2439.00000000000     
   2442.00000000000     
   2445.00000000000     
   2448.00000000000     
   2451.00000000000     
   2454.00000000000     
   2457.00000000000     
   2460.00000000000     
   2463.00000000000     
   2466.00000000000     
   2469.00000000000     
   2472.00000000000     
   2475.00000000000     
   2478.00000000000     
   2481.00000000000     
   2484.00000000000     
   2487.00000000000     
   2490.00000000000     
   2493.00000000000     
   2496.00000000000     
   2499.00000000000     
   2502.00000000000     
   2505.00000000000     
   2508.00000000000     
   2511.00000000000     
   2514.00000000000     
   2517.00000000000     
   2520.00000000000     
   2523.00000000000     
   2526.00000000000     
   2529.00000000000     
   2532.00000000000     
   2535.00000000000     
   2538.00000000000     
   2541.00000000000     
   2544.00000000000     
   2547.00000000000     
   2550.00000000000     
   2553.00000000000     
   2556.00000000000     
   2559.00000000000     
   2562.00000000000     
   2565.00000000000     
   2568.00000000000     
   2571.00000000000     
   2574.00000000000     
   2577.00000000000     
   2580.00000000000     
   2583.00000000000     
   2586.00000000000     
   2589.00000000000     
   2592.00000000000     
   2595.00000000000     
   2598.00000000000     
   2601.00000000000     
   2604.00000000000     
   2607.00000000000     
   2610.00000000000     
   2613.00000000000     
   2616.00000000000     
   2619.00000000000     
   2622.00000000000     
   2625.00000000000     
   2628.00000000000     
   2631.00000000000     
   2634.00000000000     
   2637.00000000000     
   2640.00000000000     
   2643.00000000000     
   2646.00000000000     
   2649.00000000000     
   2652.00000000000     
   2655.00000000000     
   2658.00000000000     
   2661.00000000000     
   2664.00000000000     
   2667.00000000000     
   2670.00000000000     
   2673.00000000000     
   2676.00000000000     
   2679.00000000000     
   2682.00000000000     
   2685.00000000000     
   2688.00000000000     
   2691.00000000000     
   2694.00000000000     
   2697.00000000000     
   2700.00000000000     
   2703.00000000000     
   2706.00000000000     
   2709.00000000000     
   2712.00000000000     
   2715.00000000000     
   2718.00000000000     
   2721.00000000000     
   2724.00000000000     
   2727.00000000000     
   2730.00000000000     
   2733.00000000000     
   2736.00000000000     
   2739.00000000000     
   2742.00000000000     
   2745.00000000000     
   2748.00000000000     
   2751.00000000000     
   2754.00000000000     
   2757.00000000000     
   2760.00000000000     
   2763.00000000000     
   2766.00000000000     
   2769.00000000000     
   2772.00000000000     
   2775.00000000000     
   2778.00000000000     
   2781.00000000000     
   2784.00000000000     
   2787.00000000000     
   2790.00000000000     
   2793.00000000000     
   2796.00000000000     
   2799.00000000000     
   2802.00000000000     
   2805.00000000000     
   2808.00000000000     
   2811.00000000000     
   2814.00000000000     
   2817.00000000000     
   2820.00000000000     
   2823.00000000000     
   2826.00000000000     
   2829.00000000000     
   2832.00000000000     
   2835.00000000000     
   2838.00000000000     
   2841.00000000000     
   2844.00000000000     
   2847.00000000000     
   2850.00000000000     
   2853.00000000000     
   2856.00000000000     
   2859.00000000000     
   2862.00000000000     
   2865.00000000000     
   2868.00000000000     
   2871.00000000000     
   2874.00000000000     
   2877.00000000000     
   2880.00000000000     
   2883.00000000000     
   2886.00000000000     
   2889.00000000000     
   2892.00000000000     
   2895.00000000000     
   2898.00000000000     
   2901.00000000000     
   2904.00000000000     
   2907.00000000000     
   2910.00000000000     
   2913.00000000000     
   2916.00000000000     
   2919.00000000000     
   2922.00000000000     
   2925.00000000000     
   2928.00000000000     
   2931.00000000000     
   2934.00000000000     
   2937.00000000000     
   2940.00000000000     
   2943.00000000000     
   2946.00000000000     
   2949.00000000000     
   2952.00000000000     
   2955.00000000000     
   2958.00000000000     
   2961.00000000000     
   2964.00000000000     
   2967.00000000000     
   2970.00000000000     
   2973.00000000000     
   2976.00000000000     
   2979.00000000000     
   2982.00000000000     
   2985.00000000000     
   2988.00000000000     
   2991.00000000000     
   2994.00000000000     
   2997.00000000000     
   3000.00000000000     
   3003.00000000000     
   3006.00000000000     
   3009.00000000000     
   3012.00000000000     
   3015.00000000000     
   3018.00000000000     
   3021.00000000000     
   3024.00000000000     
   3027.00000000000     
   3030.00000000000     
   3033.00000000000     
   3036.00000000000     
   3039.00000000000     
   3042.00000000000     
   3045.00000000000     
   3048.00000000000     
   3051.00000000000     
   3054.00000000000     
   3057.00000000000     
   3060.00000000000     
   3063.00000000000     
   3066.00000000000     
   3069.00000000000     
   3072.00000000000     
   3075.00000000000     
   3078.00000000000     
   3081.00000000000     
   3084.00000000000     
   3087.00000000000     
   3090.00000000000     
   3093.00000000000     
   3096.00000000000     
   3099.00000000000     
   3102.00000000000     
   3105.00000000000     
   3108.00000000000     
   3111.00000000000     
   3114.00000000000     
   3117.00000000000     
   3120.00000000000     
   3123.00000000000     
   3126.00000000000     
   3129.00000000000     
   3132.00000000000     
   3135.00000000000     
   3138.00000000000     
   3141.00000000000     
   3144.00000000000     
   3147.00000000000     
   3150.00000000000     
   3153.00000000000     
   3156.00000000000     
   3159.00000000000     
   3162.00000000000     
   3165.00000000000     
   3168.00000000000     
   3171.00000000000     
   3174.00000000000     
   3177.00000000000     
   3180.00000000000     
   3183.00000000000     
   3186.00000000000     
   3189.00000000000     
   3192.00000000000     
   3195.00000000000     
   3198.00000000000     
   3201.00000000000     
   3204.00000000000     
   3207.00000000000     
   3210.00000000000     
   3213.00000000000     
   3216.00000000000     
   3219.00000000000     
   3222.00000000000     
   3225.00000000000     
   3228.00000000000     
   3231.00000000000     
   3234.00000000000     
   3237.00000000000     
   3240.00000000000     
   3243.00000000000     
   3246.00000000000     
   3249.00000000000     
   3252.00000000000     
   3255.00000000000     
   3258.00000000000     
   3261.00000000000     
   3264.00000000000     
   3267.00000000000     
   3270.00000000000     
   3273.00000000000     
   3276.00000000000     
   3279.00000000000     
   3282.00000000000     
   3285.00000000000     
   3288.00000000000     
   3291.00000000000     
   3294.00000000000     
   3297.00000000000     
   3300.00000000000     
   3303.00000000000     
   3306.00000000000     
   3309.00000000000     
   3312.00000000000     
   3315.00000000000     
   3318.00000000000     
   3321.00000000000     
   3324.00000000000     
   3327.00000000000     
   3330.00000000000     
   3333.00000000000     
   3336.00000000000     
   3339.00000000000     
   3342.00000000000     
   3345.00000000000     
   3348.00000000000     
   3351.00000000000     
   3354.00000000000     
   3357.00000000000     
   3360.00000000000     
   3363.00000000000     
   3366.00000000000     
   3369.00000000000     
   3372.00000000000     
   3375.00000000000     
   3378.00000000000     
   3381.00000000000     
   3384.00000000000     
   3387.00000000000     
   3390.00000000000     
   3393.00000000000     
   3396.00000000000     
   3399.00000000000     
   3402.00000000000     
   3405.00000000000     
   3408.00000000000     
   3411.00000000000     
   3414.00000000000     
   3417.00000000000     
   3420.00000000000     
   3423.00000000000     
   3426.00000000000     
   3429.00000000000     
   3432.00000000000     
   3435.00000000000     
   3438.00000000000     
   3441.00000000000     
   3444.00000000000     
   3447.00000000000     
   3450.00000000000     
   3453.00000000000     
   3456.00000000000     
   3459.00000000000     
   3462.00000000000     
   3465.00000000000     
   3468.00000000000     
   3471.00000000000     
   3474.00000000000     
   3477.00000000000     
   3480.00000000000     
   3483.00000000000     
   3486.00000000000     
   3489.00000000000     
   3492.00000000000     
   3495.00000000000     
   3498.00000000000     
   3501.00000000000     
   3504.00000000000     
   3507.00000000000     
   3510.00000000000     
   3513.00000000000     
   3516.00000000000     
   3519.00000000000     
   3522.00000000000     
   3525.00000000000     
   3528.00000000000     
   3531.00000000000     
   3534.00000000000     
   3537.00000000000     
   3540.00000000000     
   3543.00000000000     
   3546.00000000000     
   3549.00000000000     
   3552.00000000000     
   3555.00000000000     
   3558.00000000000     
   3561.00000000000     
   3564.00000000000     
   3567.00000000000     
   3570.00000000000     
   3573.00000000000     
   3576.00000000000     
   3579.00000000000     
   3582.00000000000     
   3585.00000000000     
   3588.00000000000     
   3591.00000000000     
   3594.00000000000     
   3597.00000000000     
   3600.00000000000     
   3603.00000000000     
   3606.00000000000     
   3609.00000000000     
   3612.00000000000     
   3615.00000000000     
   3618.00000000000     
   3621.00000000000     
   3624.00000000000     
   3627.00000000000     
   3630.00000000000     
   3633.00000000000     
   3636.00000000000     
   3639.00000000000     
   3642.00000000000     
   3645.00000000000     
   3648.00000000000     
   3651.00000000000     
   3654.00000000000     
   3657.00000000000     
   3660.00000000000     
   3663.00000000000     
   3666.00000000000     
   3669.00000000000     
   3672.00000000000     
   3675.00000000000     
   3678.00000000000     
   3681.00000000000     
   3684.00000000000     
   3687.00000000000     
   3690.00000000000     
   3693.00000000000     
   3696.00000000000     
   3699.00000000000     
   3702.00000000000     
   3705.00000000000     
   3708.00000000000     
   3711.00000000000     
   3714.00000000000     
   3717.00000000000     
   3720.00000000000     
   3723.00000000000     
   3726.00000000000     
   3729.00000000000     
   3732.00000000000     
   3735.00000000000     
   3738.00000000000     
   3741.00000000000     
   3744.00000000000     
   3747.00000000000     
   3750.00000000000     
   3753.00000000000     
   3756.00000000000     
   3759.00000000000     
   3762.00000000000     
   3765.00000000000     
   3768.00000000000     
   3771.00000000000     
   3774.00000000000     
   3777.00000000000     
   3780.00000000000     
   3783.00000000000     
   3786.00000000000     
   3789.00000000000     
   3792.00000000000     
   3795.00000000000     
   3798.00000000000     
   3801.00000000000     
   3804.00000000000     
   3807.00000000000     
   3810.00000000000     
   3813.00000000000     
   3816.00000000000     
   3819.00000000000     
   3822.00000000000     
   3825.00000000000     
   3828.00000000000     
   3831.00000000000     
   3834.00000000000     
   3837.00000000000     
   3840.00000000000     
   3843.00000000000     
   3846.00000000000     
   3849.00000000000     
   3852.00000000000     
   3855.00000000000     
   3858.00000000000     
   3861.00000000000     
   3864.00000000000     
   3867.00000000000     
   3870.00000000000     
   3873.00000000000     
   3876.00000000000     
   3879.00000000000     
   3882.00000000000     
   3885.00000000000     
   3888.00000000000     
   3891.00000000000     
   3894.00000000000     
   3897.00000000000     
   3900.00000000000     
   3903.00000000000     
   3906.00000000000     
   3909.00000000000     
   3912.00000000000     
   3915.00000000000     
   3918.00000000000     
   3921.00000000000     
   3924.00000000000     
   3927.00000000000     
   3930.00000000000     
   3933.00000000000     
   3936.00000000000     
   3939.00000000000     
   3942.00000000000     
   3945.00000000000     
   3948.00000000000     
   3951.00000000000     
   3954.00000000000     
   3957.00000000000     
   3960.00000000000     
   3963.00000000000     
   3966.00000000000     
   3969.00000000000     
   3972.00000000000     
   3975.00000000000     
   3978.00000000000     
   3981.00000000000     
   3984.00000000000     
   3987.00000000000     
   3990.00000000000     
   3993.00000000000     
   3996.00000000000     
   3999.00000000000     
   4002.00000000000     
   4005.00000000000     
   4008.00000000000     
   4011.00000000000     
   4014.00000000000     
   4017.00000000000     
   4020.00000000000     
   4023.00000000000     
   4026.00000000000     
   4029.00000000000     
   4032.00000000000     
   4035.00000000000     
   4038.00000000000     
   4041.00000000000     
   4044.00000000000     
   4047.00000000000     
   4050.00000000000     
   4053.00000000000     
   4056.00000000000     
   4059.00000000000     
   4062.00000000000     
   4065.00000000000     
   4068.00000000000     
   4071.00000000000     
   4074.00000000000     
   4077.00000000000     
   4080.00000000000     
   4083.00000000000     
   4086.00000000000     
   4089.00000000000     
   4092.00000000000     
   4095.00000000000     
   4098.00000000000     
   4101.00000000000     
   4104.00000000000     
   4107.00000000000     
   4110.00000000000     
   4113.00000000000     
   4116.00000000000     
   4119.00000000000     
   4122.00000000000     
   4125.00000000000     
   4128.00000000000     
   4131.00000000000     
   4134.00000000000     
   4137.00000000000     
   4140.00000000000     
   4143.00000000000     
   4146.00000000000     
   4149.00000000000     
   4152.00000000000     
   4155.00000000000     
   4158.00000000000     
   4161.00000000000     
   4164.00000000000     
   4167.00000000000     
   4170.00000000000     
   4173.00000000000     
   4176.00000000000     
   4179.00000000000     
   4182.00000000000     
   4185.00000000000     
   4188.00000000000     
   4191.00000000000     
   4194.00000000000     
   4197.00000000000     
   4200.00000000000     
   4203.00000000000     
   4206.00000000000     
   4209.00000000000     
   4212.00000000000     
   4215.00000000000     
   4218.00000000000     
   4221.00000000000     
   4224.00000000000     
   4227.00000000000     
   4230.00000000000     
   4233.00000000000     
   4236.00000000000     
   4239.00000000000     
   4242.00000000000     
   4245.00000000000     
   4248.00000000000     
   4251.00000000000     
   4254.00000000000     
   4257.00000000000     
   4260.00000000000     
   4263.00000000000     
   4266.00000000000     
   4269.00000000000     
   4272.00000000000     
   4275.00000000000     
   4278.00000000000     
   4281.00000000000     
   4284.00000000000     
   4287.00000000000     
   4290.00000000000     
   4293.00000000000     
   4296.00000000000     
   4299.00000000000     
   4302.00000000000     
   4305.00000000000     
   4308.00000000000     
   4311.00000000000     
   4314.00000000000     
   4317.00000000000     
   4320.00000000000     
   4323.00000000000     
   4326.00000000000     
   4329.00000000000     
   4332.00000000000     
   4335.00000000000     
   4338.00000000000     
   4341.00000000000     
   4344.00000000000     
   4347.00000000000     
   4350.00000000000     
   4353.00000000000     
   4356.00000000000     
   4359.00000000000     
   4362.00000000000     
   4365.00000000000     
   4368.00000000000     
   4371.00000000000     
   4374.00000000000     
   4377.00000000000     
   4380.00000000000     
   4383.00000000000     
   4386.00000000000     
   4389.00000000000     
   4392.00000000000     
   4395.00000000000     
   4398.00000000000     
   4401.00000000000     
   4404.00000000000     
   4407.00000000000     
   4410.00000000000     
   4413.00000000000     
   4416.00000000000     
   4419.00000000000     
   4422.00000000000     
   4425.00000000000     
   4428.00000000000     
   4431.00000000000     
   4434.00000000000     
   4437.00000000000     
   4440.00000000000     
   4443.00000000000     
   4446.00000000000     
   4449.00000000000     
   4452.00000000000     
   4455.00000000000     
   4458.00000000000     
   4461.00000000000     
   4464.00000000000     
   4467.00000000000     
   4470.00000000000     
   4473.00000000000     
   4476.00000000000     
   4479.00000000000     
   4482.00000000000     
   4485.00000000000     
   4488.00000000000     
   4491.00000000000     
   4494.00000000000     
   4497.00000000000     
   4500.00000000000     
   4503.00000000000     
   4506.00000000000     
   4509.00000000000     
   4512.00000000000     
   4515.00000000000     
   4518.00000000000     
   4521.00000000000     
   4524.00000000000     
   4527.00000000000     
   4530.00000000000     
   4533.00000000000     
   4536.00000000000     
   4539.00000000000     
   4542.00000000000     
   4545.00000000000     
   4548.00000000000     
   4551.00000000000     
   4554.00000000000     
   4557.00000000000     
   4560.00000000000     
   4563.00000000000     
   4566.00000000000     
   4569.00000000000     
   4572.00000000000     
   4575.00000000000     
   4578.00000000000     
   4581.00000000000     
   4584.00000000000     
   4587.00000000000     
   4590.00000000000     
   4593.00000000000     
   4596.00000000000     
   4599.00000000000     
   4602.00000000000     
   4605.00000000000     
   4608.00000000000     
   4611.00000000000     
   4614.00000000000     
   4617.00000000000     
   4620.00000000000     
   4623.00000000000     
   4626.00000000000     
   4629.00000000000     
   4632.00000000000     
   4635.00000000000     
   4638.00000000000     
   4641.00000000000     
   4644.00000000000     
   4647.00000000000     
   4650.00000000000     
   4653.00000000000     
   4656.00000000000     
   4659.00000000000     
   4662.00000000000     
   4665.00000000000     
   4668.00000000000     
   4671.00000000000     
   4674.00000000000     
   4677.00000000000     
   4680.00000000000     
   4683.00000000000     
   4686.00000000000     
   4689.00000000000     
   4692.00000000000     
   4695.00000000000     
   4698.00000000000     
   4701.00000000000     
   4704.00000000000     
   4707.00000000000     
   4710.00000000000     
   4713.00000000000     
   4716.00000000000     
   4719.00000000000     
   4722.00000000000     
   4725.00000000000     
   4728.00000000000     
   4731.00000000000     
   4734.00000000000     
   4737.00000000000     
   4740.00000000000     
   4743.00000000000     
   4746.00000000000     
   4749.00000000000     
   4752.00000000000     
   4755.00000000000     
   4758.00000000000     
   4761.00000000000     
   4764.00000000000     
   4767.00000000000     
   4770.00000000000     
   4773.00000000000     
   4776.00000000000     
   4779.00000000000     
   4782.00000000000     
   4785.00000000000     
   4788.00000000000     
   4791.00000000000     
   4794.00000000000     
   4797.00000000000     
   4800.00000000000     
   4803.00000000000     
   4806.00000000000     
   4809.00000000000     
   4812.00000000000     
   4815.00000000000     
   4818.00000000000     
   4821.00000000000     
   4824.00000000000     
   4827.00000000000     
   4830.00000000000     
   4833.00000000000     
   4836.00000000000     
   4839.00000000000     
   4842.00000000000     
   4845.00000000000     
   4848.00000000000     
   4851.00000000000     
   4854.00000000000     
   4857.00000000000     
   4860.00000000000     
   4863.00000000000     
   4866.00000000000     
   4869.00000000000     
   4872.00000000000     
   4875.00000000000     
   4878.00000000000     
   4881.00000000000     
   4884.00000000000     
   4887.00000000000     
   4890.00000000000     
   4893.00000000000     
   4896.00000000000     
   4899.00000000000     
   4902.00000000000     
   4905.00000000000     
   4908.00000000000     
   4911.00000000000     
   4914.00000000000     
   4917.00000000000     
   4920.00000000000     
   4923.00000000000     
   4926.00000000000     
   4929.00000000000     
   4932.00000000000     
   4935.00000000000     
   4938.00000000000     
   4941.00000000000     
   4944.00000000000     
   4947.00000000000     
   4950.00000000000     
   4953.00000000000     
   4956.00000000000     
   4959.00000000000     
   4962.00000000000     
   4965.00000000000     
   4968.00000000000     
   4971.00000000000     
   4974.00000000000     
   4977.00000000000     
   4980.00000000000     
   4983.00000000000     
   4986.00000000000     
   4989.00000000000     
   4992.00000000000     
   4995.00000000000     
   4998.00000000000     
   5001.00000000000     
   5004.00000000000     
   5007.00000000000     
   5010.00000000000     
   5013.00000000000     
   5016.00000000000     
   5019.00000000000     
   5022.00000000000     
   5025.00000000000     
   5028.00000000000     
   5031.00000000000     
   5034.00000000000     
   5037.00000000000     
   5040.00000000000     
   5043.00000000000     
   5046.00000000000     
   5049.00000000000     
   5052.00000000000     
   5055.00000000000     
   5058.00000000000     
   5061.00000000000     
   5064.00000000000     
   5067.00000000000     
   5070.00000000000     
   5073.00000000000     
   5076.00000000000     
   5079.00000000000     
   5082.00000000000     
   5085.00000000000     
   5088.00000000000     
   5091.00000000000     
   5094.00000000000     
   5097.00000000000     
   5100.00000000000     
   5103.00000000000     
   5106.00000000000     
   5109.00000000000     
   5112.00000000000     
   5115.00000000000     
   5118.00000000000     
   5121.00000000000     
   5124.00000000000     
   5127.00000000000     
   5130.00000000000     
   5133.00000000000     
   5136.00000000000     
   5139.00000000000     
   5142.00000000000     
   5145.00000000000     
   5148.00000000000     
   5151.00000000000     
   5154.00000000000     
   5157.00000000000     
   5160.00000000000     
   5163.00000000000     
   5166.00000000000     
   5169.00000000000     
   5172.00000000000     
   5175.00000000000     
   5178.00000000000     
   5181.00000000000     
   5184.00000000000     
   5187.00000000000     
   5190.00000000000     
   5193.00000000000     
   5196.00000000000     
   5199.00000000000     
   5202.00000000000     
   5205.00000000000     
   5208.00000000000     
   5211.00000000000     
   5214.00000000000     
   5217.00000000000     
   5220.00000000000     
   5223.00000000000     
   5226.00000000000     
   5229.00000000000     
   5232.00000000000     
   5235.00000000000     
   5238.00000000000     
   5241.00000000000     
   5244.00000000000     
   5247.00000000000     
   5250.00000000000     
   5253.00000000000     
   5256.00000000000     
   5259.00000000000     
   5262.00000000000     
   5265.00000000000     
   5268.00000000000     
   5271.00000000000     
   5274.00000000000     
   5277.00000000000     
   5280.00000000000     
   5283.00000000000     
   5286.00000000000     
   5289.00000000000     
   5292.00000000000     
   5295.00000000000     
   5298.00000000000     
   5301.00000000000     
   5304.00000000000     
   5307.00000000000     
   5310.00000000000     
   5313.00000000000     
   5316.00000000000     
   5319.00000000000     
   5322.00000000000     
   5325.00000000000     
   5328.00000000000     
   5331.00000000000     
   5334.00000000000     
   5337.00000000000     
   5340.00000000000     
   5343.00000000000     
   5346.00000000000     
   5349.00000000000     
   5352.00000000000     
   5355.00000000000     
   5358.00000000000     
   5361.00000000000     
   5364.00000000000     
   5367.00000000000     
   5370.00000000000     
   5373.00000000000     
   5376.00000000000     
   5379.00000000000     
   5382.00000000000     
   5385.00000000000     
   5388.00000000000     
   5391.00000000000     
   5394.00000000000     
   5397.00000000000     
   5400.00000000000     
   5403.00000000000     
   5406.00000000000     
   5409.00000000000     
   5412.00000000000     
   5415.00000000000     
   5418.00000000000     
   5421.00000000000     
   5424.00000000000     
   5427.00000000000     
   5430.00000000000     
   5433.00000000000     
   5436.00000000000     
   5439.00000000000     
   5442.00000000000     
   5445.00000000000     
   5448.00000000000     
   5451.00000000000     
   5454.00000000000     
   5457.00000000000     
   5460.00000000000     
   5463.00000000000     
   5466.00000000000     
   5469.00000000000     
   5472.00000000000     
   5475.00000000000     
   5478.00000000000     
   5481.00000000000     
   5484.00000000000     
   5487.00000000000     
   5490.00000000000     
   5493.00000000000     
   5496.00000000000     
   5499.00000000000     
   5502.00000000000     
   5505.00000000000     
   5508.00000000000     
   5511.00000000000     
   5514.00000000000     
   5517.00000000000     
   5520.00000000000     
   5523.00000000000     
   5526.00000000000     
   5529.00000000000     
   5532.00000000000     
   5535.00000000000     
   5538.00000000000     
   5541.00000000000     
   5544.00000000000     
   5547.00000000000     
   5550.00000000000     
   5553.00000000000     
   5556.00000000000     
   5559.00000000000     
   5562.00000000000     
   5565.00000000000     
   5568.00000000000     
   5571.00000000000     
   5574.00000000000     
   5577.00000000000     
   5580.00000000000     
   5583.00000000000     
   5586.00000000000     
   5589.00000000000     
   5592.00000000000     
   5595.00000000000     
   5598.00000000000     
   5601.00000000000     
   5604.00000000000     
   5607.00000000000     
   5610.00000000000     
   5613.00000000000     
   5616.00000000000     
   5619.00000000000     
   5622.00000000000     
   5625.00000000000     
   5628.00000000000     
   5631.00000000000     
   5634.00000000000     
   5637.00000000000     
   5640.00000000000     
   5643.00000000000     
   5646.00000000000     
   5649.00000000000     
   5652.00000000000     
   5655.00000000000     
   5658.00000000000     
   5661.00000000000     
   5664.00000000000     
   5667.00000000000     
   5670.00000000000     
   5673.00000000000     
   5676.00000000000     
   5679.00000000000     
   5682.00000000000     
   5685.00000000000     
   5688.00000000000     
   5691.00000000000     
   5694.00000000000     
   5697.00000000000     
   5700.00000000000     
   5703.00000000000     
   5706.00000000000     
   5709.00000000000     
   5712.00000000000     
   5715.00000000000     
   5718.00000000000     
   5721.00000000000     
   5724.00000000000     
   5727.00000000000     
   5730.00000000000     
   5733.00000000000     
   5736.00000000000     
   5739.00000000000     
   5742.00000000000     
   5745.00000000000     
   5748.00000000000     
   5751.00000000000     
   5754.00000000000     
   5757.00000000000     
   5760.00000000000     
   5763.00000000000     
   5766.00000000000     
   5769.00000000000     
   5772.00000000000     
   5775.00000000000     
   5778.00000000000     
   5781.00000000000     
   5784.00000000000     
   5787.00000000000     
   5790.00000000000     
   5793.00000000000     
   5796.00000000000     
   5799.00000000000     
   5802.00000000000     
   5805.00000000000     
   5808.00000000000     
   5811.00000000000     
   5814.00000000000     
   5817.00000000000     
   5820.00000000000     
   5823.00000000000     
   5826.00000000000     
   5829.00000000000     
   5832.00000000000     
   5835.00000000000     
   5838.00000000000     
   5841.00000000000     
   5844.00000000000     
   5847.00000000000     
   5850.00000000000     
   5853.00000000000     
   5856.00000000000     
   5859.00000000000     
   5862.00000000000     
   5865.00000000000     
   5868.00000000000     
   5871.00000000000     
   5874.00000000000     
   5877.00000000000     
   5880.00000000000     
   5883.00000000000     
   5886.00000000000     
   5889.00000000000     
   5892.00000000000     
   5895.00000000000     
   5898.00000000000     
   5901.00000000000     
   5904.00000000000     
   5907.00000000000     
   5910.00000000000     
   5913.00000000000     
   5916.00000000000     
   5919.00000000000     
   5922.00000000000     
   5925.00000000000     
   5928.00000000000     
   5931.00000000000     
   5934.00000000000     
   5937.00000000000     
   5940.00000000000     
   5943.00000000000     
   5946.00000000000     
   5949.00000000000     
   5952.00000000000     
   5955.00000000000     
   5958.00000000000     
   5961.00000000000     
   5964.00000000000     
   5967.00000000000     
   5970.00000000000     
   5973.00000000000     
   5976.00000000000     
   5979.00000000000     
   5982.00000000000     
   5985.00000000000     
   5988.00000000000     
   5991.00000000000     
   5994.00000000000     
   5997.00000000000     
   6000.00000000000     
   6003.00000000000     
   6006.00000000000     
   6009.00000000000     
   6012.00000000000     
   6015.00000000000     
   6018.00000000000     
   6021.00000000000     
   6024.00000000000     
   6027.00000000000     
   6030.00000000000     
   6033.00000000000     
   6036.00000000000     
   6039.00000000000     
   6042.00000000000     
   6045.00000000000     
   6048.00000000000     
   6051.00000000000     
   6054.00000000000     
   6057.00000000000     
   6060.00000000000     
   6063.00000000000     
   6066.00000000000     
   6069.00000000000     
   6072.00000000000     
   6075.00000000000     
   6078.00000000000     
   6081.00000000000     
   6084.00000000000     
   6087.00000000000     
   6090.00000000000     
   6093.00000000000     
   6096.00000000000     
   6099.00000000000     
   6102.00000000000     
   6105.00000000000     
   6108.00000000000     
   6111.00000000000     
   6114.00000000000     
   6117.00000000000     
   6120.00000000000     
   6123.00000000000     
   6126.00000000000     
   6129.00000000000     
   6132.00000000000     
   6135.00000000000     
   6138.00000000000     
   6141.00000000000     
   6144.00000000000     
   6147.00000000000     
   6150.00000000000     
   6153.00000000000     
   6156.00000000000     
   6159.00000000000     
   6162.00000000000     
   6165.00000000000     
   6168.00000000000     
   6171.00000000000     
   6174.00000000000     
   6177.00000000000     
   6180.00000000000     
   6183.00000000000     
   6186.00000000000     
   6189.00000000000     
   6192.00000000000     
   6195.00000000000     
   6198.00000000000     
   6201.00000000000     
   6204.00000000000     
   6207.00000000000     
   6210.00000000000     
   6213.00000000000     
   6216.00000000000     
   6219.00000000000     
   6222.00000000000     
   6225.00000000000     
   6228.00000000000     
   6231.00000000000     
   6234.00000000000     
   6237.00000000000     
   6240.00000000000     
   6243.00000000000     
   6246.00000000000     
   6249.00000000000     
   6252.00000000000     
   6255.00000000000     
   6258.00000000000     
   6261.00000000000     
   6264.00000000000     
   6267.00000000000     
   6270.00000000000     
   6273.00000000000     
   6276.00000000000     
   6279.00000000000     
   6282.00000000000     
   6285.00000000000     
   6288.00000000000     
   6291.00000000000     
   6294.00000000000     
   6297.00000000000     
   6300.00000000000     
   6303.00000000000     
   6306.00000000000     
   6309.00000000000     
   6312.00000000000     
   6315.00000000000     
   6318.00000000000     
   6321.00000000000     
   6324.00000000000     
   6327.00000000000     
   6330.00000000000     
   6333.00000000000     
   6336.00000000000     
   6339.00000000000     
   6342.00000000000     
   6345.00000000000     
   6348.00000000000     
   6351.00000000000     
   6354.00000000000     
   6357.00000000000     
   6360.00000000000     
   6363.00000000000     
   6366.00000000000     
   6369.00000000000     
   6372.00000000000     
   6375.00000000000     
   6378.00000000000     
   6381.00000000000     
   6384.00000000000     
   6387.00000000000     
   6390.00000000000     
   6393.00000000000     
   6396.00000000000     
   6399.00000000000     
   6402.00000000000     
   6405.00000000000     
   6408.00000000000     
   6411.00000000000     
   6414.00000000000     
   6417.00000000000     
   6420.00000000000     
   6423.00000000000     
   6426.00000000000     
   6429.00000000000     
   6432.00000000000     
   6435.00000000000     
   6438.00000000000     
   6441.00000000000     
   6444.00000000000     
   6447.00000000000     
   6450.00000000000     
   6453.00000000000     
   6456.00000000000     
   6459.00000000000     
   6462.00000000000     
   6465.00000000000     
   6468.00000000000     
   6471.00000000000     
   6474.00000000000     
   6477.00000000000     
   6480.00000000000     
   6483.00000000000     
   6486.00000000000     
   6489.00000000000     
   6492.00000000000     
   6495.00000000000     
   6498.00000000000     
   6501.00000000000     
   6504.00000000000     
   6507.00000000000     
   6510.00000000000     
   6513.00000000000     
   6516.00000000000     
   6519.00000000000     
   6522.00000000000     
   6525.00000000000     
   6528.00000000000     
   6531.00000000000     
   6534.00000000000     
   6537.00000000000     
   6540.00000000000     
   6543.00000000000     
   6546.00000000000     
   6549.00000000000     
   6552.00000000000     
   6555.00000000000     
   6558.00000000000     
   6561.00000000000     
   6564.00000000000     
   6567.00000000000     
   6570.00000000000     
   6573.00000000000     
   6576.00000000000     
   6579.00000000000     
   6582.00000000000     
   6585.00000000000     
   6588.00000000000     
   6591.00000000000     
   6594.00000000000     
   6597.00000000000     
   6600.00000000000     
   6603.00000000000     
   6606.00000000000     
   6609.00000000000     
   6612.00000000000     
   6615.00000000000     
   6618.00000000000     
   6621.00000000000     
   6624.00000000000     
   6627.00000000000     
   6630.00000000000     
   6633.00000000000     
   6636.00000000000     
   6639.00000000000     
   6642.00000000000     
   6645.00000000000     
   6648.00000000000     
   6651.00000000000     
   6654.00000000000     
   6657.00000000000     
   6660.00000000000     
   6663.00000000000     
   6666.00000000000     
   6669.00000000000     
   6672.00000000000     
   6675.00000000000     
   6678.00000000000     
   6681.00000000000     
   6684.00000000000     
   6687.00000000000     
   6690.00000000000     
   6693.00000000000     
   6696.00000000000     
   6699.00000000000     
   6702.00000000000     
   6705.00000000000     
   6708.00000000000     
   6711.00000000000     
   6714.00000000000     
   6717.00000000000     
   6720.00000000000     
   6723.00000000000     
   6726.00000000000     
   6729.00000000000     
   6732.00000000000     
   6735.00000000000     
   6738.00000000000     
   6741.00000000000     
   6744.00000000000     
   6747.00000000000     
   6750.00000000000     
   6753.00000000000     
   6756.00000000000     
   6759.00000000000     
   6762.00000000000     
   6765.00000000000     
   6768.00000000000     
   6771.00000000000     
   6774.00000000000     
   6777.00000000000     
   6780.00000000000     
   6783.00000000000     
   6786.00000000000     
   6789.00000000000     
   6792.00000000000     
   6795.00000000000     
   6798.00000000000     
   6801.00000000000     
   6804.00000000000     
   6807.00000000000     
   6810.00000000000     
   6813.00000000000     
   6816.00000000000     
   6819.00000000000     
   6822.00000000000     
   6825.00000000000     
   6828.00000000000     
   6831.00000000000     
   6834.00000000000     
   6837.00000000000     
   6840.00000000000     
   6843.00000000000     
   6846.00000000000     
   6849.00000000000     
   6852.00000000000     
   6855.00000000000     
   6858.00000000000     
   6861.00000000000     
   6864.00000000000     
   6867.00000000000     
   6870.00000000000     
   6873.00000000000     
   6876.00000000000     
   6879.00000000000     
   6882.00000000000     
   6885.00000000000     
   6888.00000000000     
   6891.00000000000     
   6894.00000000000     
   6897.00000000000     
   6900.00000000000     
   6903.00000000000     
   6906.00000000000     
   6909.00000000000     
   6912.00000000000     
   6915.00000000000     
   6918.00000000000     
   6921.00000000000     
   6924.00000000000     
   6927.00000000000     
   6930.00000000000     
   6933.00000000000     
   6936.00000000000     
   6939.00000000000     
   6942.00000000000     
   6945.00000000000     
   6948.00000000000     
   6951.00000000000     
   6954.00000000000     
   6957.00000000000     
   6960.00000000000     
   6963.00000000000     
   6966.00000000000     
   6969.00000000000     
   6972.00000000000     
   6975.00000000000     
   6978.00000000000     
   6981.00000000000     
   6984.00000000000     
   6987.00000000000     
   6990.00000000000     
   6993.00000000000     
   6996.00000000000     
   6999.00000000000     
   7002.00000000000     
   7005.00000000000     
   7008.00000000000     
   7011.00000000000     
   7014.00000000000     
   7017.00000000000     
   7020.00000000000     
   7023.00000000000     
   7026.00000000000     
   7029.00000000000     
   7032.00000000000     
   7035.00000000000     
   7038.00000000000     
   7041.00000000000     
   7044.00000000000     
   7047.00000000000     
   7050.00000000000     
   7053.00000000000     
   7056.00000000000     
   7059.00000000000     
   7062.00000000000     
   7065.00000000000     
   7068.00000000000     
   7071.00000000000     
   7074.00000000000     
   7077.00000000000     
   7080.00000000000     
   7083.00000000000     
   7086.00000000000     
   7089.00000000000     
   7092.00000000000     
   7095.00000000000     
   7098.00000000000     
   7101.00000000000     
   7104.00000000000     
   7107.00000000000     
   7110.00000000000     
   7113.00000000000     
   7116.00000000000     
   7119.00000000000     
   7122.00000000000     
   7125.00000000000     
   7128.00000000000     
   7131.00000000000     
   7134.00000000000     
   7137.00000000000     
   7140.00000000000     
   7143.00000000000     
   7146.00000000000     
   7149.00000000000     
   7152.00000000000     
   7155.00000000000     
   7158.00000000000     
   7161.00000000000     
   7164.00000000000     
   7167.00000000000     
   7170.00000000000     
   7173.00000000000     
   7176.00000000000     
   7179.00000000000     
   7182.00000000000     
   7185.00000000000     
   7188.00000000000     
   7191.00000000000     
   7194.00000000000     
   7197.00000000000     
   7200.00000000000     
   7203.00000000000     
   7206.00000000000     
   7209.00000000000     
   7212.00000000000     
   7215.00000000000     
   7218.00000000000     
   7221.00000000000     
   7224.00000000000     
   7227.00000000000     
   7230.00000000000     
   7233.00000000000     
   7236.00000000000     
   7239.00000000000     
   7242.00000000000     
   7245.00000000000     
   7248.00000000000     
   7251.00000000000     
   7254.00000000000     
   7257.00000000000     
   7260.00000000000     
   7263.00000000000     
   7266.00000000000     
   7269.00000000000     
   7272.00000000000     
   7275.00000000000     
   7278.00000000000     
   7281.00000000000     
   7284.00000000000     
   7287.00000000000     
   7290.00000000000     
   7293.00000000000     
   7296.00000000000     
   7299.00000000000     
   7302.00000000000     
   7305.00000000000     
   7308.00000000000     
   7311.00000000000     
   7314.00000000000     
   7317.00000000000     
   7320.00000000000     
   7323.00000000000     
   7326.00000000000     
   7329.00000000000     
   7332.00000000000     
   7335.00000000000     
   7338.00000000000     
   7341.00000000000     
   7344.00000000000     
   7347.00000000000     
   7350.00000000000     
   7353.00000000000     
   7356.00000000000     
   7359.00000000000     
   7362.00000000000     
   7365.00000000000     
   7368.00000000000     
   7371.00000000000     
   7374.00000000000     
   7377.00000000000     
   7380.00000000000     
   7383.00000000000     
   7386.00000000000     
   7389.00000000000     
   7392.00000000000     
   7395.00000000000     
   7398.00000000000     
   7401.00000000000     
   7404.00000000000     
   7407.00000000000     
   7410.00000000000     
   7413.00000000000     
   7416.00000000000     
   7419.00000000000     
   7422.00000000000     
   7425.00000000000     
   7428.00000000000     
   7431.00000000000     
   7434.00000000000     
   7437.00000000000     
   7440.00000000000     
   7443.00000000000     
   7446.00000000000     
   7449.00000000000     
   7452.00000000000     
   7455.00000000000     
   7458.00000000000     
   7461.00000000000     
   7464.00000000000     
   7467.00000000000     
   7470.00000000000     
   7473.00000000000     
   7476.00000000000     
   7479.00000000000     
   7482.00000000000     
   7485.00000000000     
   7488.00000000000     
   7491.00000000000     
   7494.00000000000     
   7497.00000000000     
   7500.00000000000     
   7503.00000000000     
   7506.00000000000     
   7509.00000000000     
   7512.00000000000     
   7515.00000000000     
   7518.00000000000     
   7521.00000000000     
   7524.00000000000     
   7527.00000000000     
   7530.00000000000     
   7533.00000000000     
   7536.00000000000     
   7539.00000000000     
   7542.00000000000     
   7545.00000000000     
   7548.00000000000     
   7551.00000000000     
   7554.00000000000     
   7557.00000000000     
   7560.00000000000     
   7563.00000000000     
   7566.00000000000     
   7569.00000000000     
   7572.00000000000     
   7575.00000000000     
   7578.00000000000     
   7581.00000000000     
   7584.00000000000     
   7587.00000000000     
   7590.00000000000     
   7593.00000000000     
   7596.00000000000     
   7599.00000000000     
   7602.00000000000     
   7605.00000000000     
   7608.00000000000     
   7611.00000000000     
   7614.00000000000     
   7617.00000000000     
   7620.00000000000     
   7623.00000000000     
   7626.00000000000     
   7629.00000000000     
   7632.00000000000     
   7635.00000000000     
   7638.00000000000     
   7641.00000000000     
   7644.00000000000     
   7647.00000000000     
   7650.00000000000     
   7653.00000000000     
   7656.00000000000     
   7659.00000000000     
   7662.00000000000     
   7665.00000000000     
   7668.00000000000     
   7671.00000000000     
   7674.00000000000     
   7677.00000000000     
   7680.00000000000     
   7683.00000000000     
   7686.00000000000     
   7689.00000000000     
   7692.00000000000     
   7695.00000000000     
   7698.00000000000     
   7701.00000000000     
   7704.00000000000     
   7707.00000000000     
   7710.00000000000     
   7713.00000000000     
   7716.00000000000     
   7719.00000000000     
   7722.00000000000     
   7725.00000000000     
   7728.00000000000     
   7731.00000000000     
   7734.00000000000     
   7737.00000000000     
   7740.00000000000     
   7743.00000000000     
   7746.00000000000     
   7749.00000000000     
   7752.00000000000     
   7755.00000000000     
   7758.00000000000     
   7761.00000000000     
   7764.00000000000     
   7767.00000000000     
   7770.00000000000     
   7773.00000000000     
   7776.00000000000     
   7779.00000000000     
   7782.00000000000     
   7785.00000000000     
   7788.00000000000     
   7791.00000000000     
   7794.00000000000     
   7797.00000000000     
   7800.00000000000     
   7803.00000000000     
   7806.00000000000     
   7809.00000000000     
   7812.00000000000     
   7815.00000000000     
   7818.00000000000     
   7821.00000000000     
   7824.00000000000     
   7827.00000000000     
   7830.00000000000     
   7833.00000000000     
   7836.00000000000     
   7839.00000000000     
   7842.00000000000     
   7845.00000000000     
   7848.00000000000     
   7851.00000000000     
   7854.00000000000     
   7857.00000000000     
   7860.00000000000     
   7863.00000000000     
   7866.00000000000     
   7869.00000000000     
   7872.00000000000     
   7875.00000000000     
   7878.00000000000     
   7881.00000000000     
   7884.00000000000     
   7887.00000000000     
   7890.00000000000     
   7893.00000000000     
   7896.00000000000     
   7899.00000000000     
   7902.00000000000     
   7905.00000000000     
   7908.00000000000     
   7911.00000000000     
   7914.00000000000     
   7917.00000000000     
   7920.00000000000     
   7923.00000000000     
   7926.00000000000     
   7929.00000000000     
   7932.00000000000     
   7935.00000000000     
   7938.00000000000     
   7941.00000000000     
   7944.00000000000     
   7947.00000000000     
   7950.00000000000     
   7953.00000000000     
   7956.00000000000     
   7959.00000000000     
   7962.00000000000     
   7965.00000000000     
   7968.00000000000     
   7971.00000000000     
   7974.00000000000     
   7977.00000000000     
   7980.00000000000     
   7983.00000000000     
   7986.00000000000     
   7989.00000000000     
   7992.00000000000     
   7995.00000000000     
   7998.00000000000     
   8001.00000000000     
   8004.00000000000     
   8007.00000000000     
   8010.00000000000     
   8013.00000000000     
   8016.00000000000     
   8019.00000000000     
   8022.00000000000     
   8025.00000000000     
   8028.00000000000     
   8031.00000000000     
   8034.00000000000     
   8037.00000000000     
   8040.00000000000     
   8043.00000000000     
   8046.00000000000     
   8049.00000000000     
   8052.00000000000     
   8055.00000000000     
   8058.00000000000     
   8061.00000000000     
   8064.00000000000     
   8067.00000000000     
   8070.00000000000     
   8073.00000000000     
   8076.00000000000     
   8079.00000000000     
   8082.00000000000     
   8085.00000000000     
   8088.00000000000     
   8091.00000000000     
   8094.00000000000     
   8097.00000000000     
   8100.00000000000     
   8103.00000000000     
   8106.00000000000     
   8109.00000000000     
   8112.00000000000     
   8115.00000000000     
   8118.00000000000     
   8121.00000000000     
   8124.00000000000     
   8127.00000000000     
   8130.00000000000     
   8133.00000000000     
   8136.00000000000     
   8139.00000000000     
   8142.00000000000     
   8145.00000000000     
   8148.00000000000     
   8151.00000000000     
   8154.00000000000     
   8157.00000000000     
   8160.00000000000     
   8163.00000000000     
   8166.00000000000     
   8169.00000000000     
   8172.00000000000     
   8175.00000000000     
   8178.00000000000     
   8181.00000000000     
   8184.00000000000     
   8187.00000000000     
   8190.00000000000     
   8193.00000000000     
   8196.00000000000     
   8199.00000000000     
   8202.00000000000     
   8205.00000000000     
   8208.00000000000     
   8211.00000000000     
   8214.00000000000     
   8217.00000000000     
   8220.00000000000     
   8223.00000000000     
   8226.00000000000     
   8229.00000000000     
   8232.00000000000     
   8235.00000000000     
   8238.00000000000     
   8241.00000000000     
   8244.00000000000     
   8247.00000000000     
   8250.00000000000     
   8253.00000000000     
   8256.00000000000     
   8259.00000000000     
   8262.00000000000     
   8265.00000000000     
   8268.00000000000     
   8271.00000000000     
   8274.00000000000     
   8277.00000000000     
   8280.00000000000     
   8283.00000000000     
   8286.00000000000     
   8289.00000000000     
   8292.00000000000     
   8295.00000000000     
   8298.00000000000     
   8301.00000000000     
   8304.00000000000     
   8307.00000000000     
   8310.00000000000     
   8313.00000000000     
   8316.00000000000     
   8319.00000000000     
   8322.00000000000     
   8325.00000000000     
   8328.00000000000     
   8331.00000000000     
   8334.00000000000     
   8337.00000000000     
   8340.00000000000     
   8343.00000000000     
   8346.00000000000     
   8349.00000000000     
   8352.00000000000     
   8355.00000000000     
   8358.00000000000     
   8361.00000000000     
   8364.00000000000     
   8367.00000000000     
   8370.00000000000     
   8373.00000000000     
   8376.00000000000     
   8379.00000000000     
   8382.00000000000     
   8385.00000000000     
   8388.00000000000     
   8391.00000000000     
   8394.00000000000     
   8397.00000000000     
   8400.00000000000     
   8403.00000000000     
   8406.00000000000     
   8409.00000000000     
   8412.00000000000     
   8415.00000000000     
   8418.00000000000     
   8421.00000000000     
   8424.00000000000     
   8427.00000000000     
   8430.00000000000     
   8433.00000000000     
   8436.00000000000     
   8439.00000000000     
   8442.00000000000     
   8445.00000000000     
   8448.00000000000     
   8451.00000000000     
   8454.00000000000     
   8457.00000000000     
   8460.00000000000     
   8463.00000000000     
   8466.00000000000     
   8469.00000000000     
   8472.00000000000     
   8475.00000000000     
   8478.00000000000     
   8481.00000000000     
   8484.00000000000     
   8487.00000000000     
   8490.00000000000     
   8493.00000000000     
   8496.00000000000     
   8499.00000000000     
   8502.00000000000     
   8505.00000000000     
   8508.00000000000     
   8511.00000000000     
   8514.00000000000     
   8517.00000000000     
   8520.00000000000     
   8523.00000000000     
   8526.00000000000     
   8529.00000000000     
   8532.00000000000     
   8535.00000000000     
   8538.00000000000     
   8541.00000000000     
   8544.00000000000     
   8547.00000000000     
   8550.00000000000     
   8553.00000000000     
   8556.00000000000     
   8559.00000000000     
   8562.00000000000     
   8565.00000000000     
   8568.00000000000     
   8571.00000000000     
   8574.00000000000     
   8577.00000000000     
   8580.00000000000     
   8583.00000000000     
   8586.00000000000     
   8589.00000000000     
   8592.00000000000     
   8595.00000000000     
   8598.00000000000     
   8601.00000000000     
   8604.00000000000     
   8607.00000000000     
   8610.00000000000     
   8613.00000000000     
   8616.00000000000     
   8619.00000000000     
   8622.00000000000     
   8625.00000000000     
   8628.00000000000     
   8631.00000000000     
   8634.00000000000     
   8637.00000000000     
   8640.00000000000     
   8643.00000000000     
   8646.00000000000     
   8649.00000000000     
   8652.00000000000     
   8655.00000000000     
   8658.00000000000     
   8661.00000000000     
   8664.00000000000     
   8667.00000000000     
   8670.00000000000     
   8673.00000000000     
   8676.00000000000     
   8679.00000000000     
   8682.00000000000     
   8685.00000000000     
   8688.00000000000     
   8691.00000000000     
   8694.00000000000     
   8697.00000000000     
   8700.00000000000     
   8703.00000000000     
   8706.00000000000     
   8709.00000000000     
   8712.00000000000     
   8715.00000000000     
   8718.00000000000     
   8721.00000000000     
   8724.00000000000     
   8727.00000000000     
   8730.00000000000     
   8733.00000000000     
   8736.00000000000     
   8739.00000000000     
   8742.00000000000     
   8745.00000000000     
   8748.00000000000     
   8751.00000000000     
   8754.00000000000     
   8757.00000000000     
   8760.00000000000     
   8763.00000000000     
   8766.00000000000     
   8769.00000000000     
   8772.00000000000     
   8775.00000000000     
   8778.00000000000     
   8781.00000000000     
   8784.00000000000     
   8787.00000000000     
   8790.00000000000     
   8793.00000000000     
   8796.00000000000     
   8799.00000000000     
   8802.00000000000     
   8805.00000000000     
   8808.00000000000     
   8811.00000000000     
   8814.00000000000     
   8817.00000000000     
   8820.00000000000     
   8823.00000000000     
   8826.00000000000     
   8829.00000000000     
   8832.00000000000     
   8835.00000000000     
   8838.00000000000     
   8841.00000000000     
   8844.00000000000     
   8847.00000000000     
   8850.00000000000     
   8853.00000000000     
   8856.00000000000     
   8859.00000000000     
   8862.00000000000     
   8865.00000000000     
   8868.00000000000     
   8871.00000000000     
   8874.00000000000     
   8877.00000000000     
   8880.00000000000     
   8883.00000000000     
   8886.00000000000     
   8889.00000000000     
   8892.00000000000     
   8895.00000000000     
   8898.00000000000     
   8901.00000000000     
   8904.00000000000     
   8907.00000000000     
   8910.00000000000     
   8913.00000000000     
   8916.00000000000     
   8919.00000000000     
   8922.00000000000     
   8925.00000000000     
   8928.00000000000     
   8931.00000000000     
   8934.00000000000     
   8937.00000000000     
   8940.00000000000     
   8943.00000000000     
   8946.00000000000     
   8949.00000000000     
   8952.00000000000     
   8955.00000000000     
   8958.00000000000     
   8961.00000000000     
   8964.00000000000     
   8967.00000000000     
   8970.00000000000     
   8973.00000000000     
   8976.00000000000     
   8979.00000000000     
   8982.00000000000     
   8985.00000000000     
   8988.00000000000     
   8991.00000000000     
   8994.00000000000     
   8997.00000000000     
   9000.00000000000     
   9003.00000000000     
   9006.00000000000     
   9009.00000000000     
   9012.00000000000     
   9015.00000000000     
   9018.00000000000     
   9021.00000000000     
   9024.00000000000     
   9027.00000000000     
   9030.00000000000     
   9033.00000000000     
   9036.00000000000     
   9039.00000000000     
   9042.00000000000     
   9045.00000000000     
   9048.00000000000     
   9051.00000000000     
   9054.00000000000     
   9057.00000000000     
   9060.00000000000     
   9063.00000000000     
   9066.00000000000     
   9069.00000000000     
   9072.00000000000     
   9075.00000000000     
   9078.00000000000     
   9081.00000000000     
   9084.00000000000     
   9087.00000000000     
   9090.00000000000     
   9093.00000000000     
   9096.00000000000     
   9099.00000000000     
   9102.00000000000     
   9105.00000000000     
   9108.00000000000     
   9111.00000000000     
   9114.00000000000     
   9117.00000000000     
   9120.00000000000     
   9123.00000000000     
   9126.00000000000     
   9129.00000000000     
   9132.00000000000     
   9135.00000000000     
   9138.00000000000     
   9141.00000000000     
   9144.00000000000     
   9147.00000000000     
   9150.00000000000     
   9153.00000000000     
   9156.00000000000     
   9159.00000000000     
   9162.00000000000     
   9165.00000000000     
   9168.00000000000     
   9171.00000000000     
   9174.00000000000     
   9177.00000000000     
   9180.00000000000     
   9183.00000000000     
   9186.00000000000     
   9189.00000000000     
   9192.00000000000     
   9195.00000000000     
   9198.00000000000     
   9201.00000000000     
   9204.00000000000     
   9207.00000000000     
   9210.00000000000     
   9213.00000000000     
   9216.00000000000     
   9219.00000000000     
   9222.00000000000     
   9225.00000000000     
   9228.00000000000     
   9231.00000000000     
   9234.00000000000     
   9237.00000000000     
   9240.00000000000     
   9243.00000000000     
   9246.00000000000     
   9249.00000000000     
   9252.00000000000     
   9255.00000000000     
   9258.00000000000     
   9261.00000000000     
   9264.00000000000     
   9267.00000000000     
   9270.00000000000     
   9273.00000000000     
   9276.00000000000     
   9279.00000000000     
   9282.00000000000     
   9285.00000000000     
   9288.00000000000     
   9291.00000000000     
   9294.00000000000     
   9297.00000000000     
   9300.00000000000     
   9303.00000000000     
   9306.00000000000     
   9309.00000000000     
   9312.00000000000     
   9315.00000000000     
   9318.00000000000     
   9321.00000000000     
   9324.00000000000     
   9327.00000000000     
   9330.00000000000     
   9333.00000000000     
   9336.00000000000     
   9339.00000000000     
   9342.00000000000     
   9345.00000000000     
   9348.00000000000     
   9351.00000000000     
   9354.00000000000     
   9357.00000000000     
   9360.00000000000     
   9363.00000000000     
   9366.00000000000     
   9369.00000000000     
   9372.00000000000     
   9375.00000000000     
   9378.00000000000     
   9381.00000000000     
   9384.00000000000     
   9387.00000000000     
   9390.00000000000     
   9393.00000000000     
   9396.00000000000     
   9399.00000000000     
   9402.00000000000     
   9405.00000000000     
   9408.00000000000     
   9411.00000000000     
   9414.00000000000     
   9417.00000000000     
   9420.00000000000     
   9423.00000000000     
   9426.00000000000     
   9429.00000000000     
   9432.00000000000     
   9435.00000000000     
   9438.00000000000     
   9441.00000000000     
   9444.00000000000     
   9447.00000000000     
   9450.00000000000     
   9453.00000000000     
   9456.00000000000     
   9459.00000000000     
   9462.00000000000     
   9465.00000000000     
   9468.00000000000     
   9471.00000000000     
   9474.00000000000     
   9477.00000000000     
   9480.00000000000     
   9483.00000000000     
   9486.00000000000     
   9489.00000000000     
   9492.00000000000     
   9495.00000000000     
   9498.00000000000     
   9501.00000000000     
   9504.00000000000     
   9507.00000000000     
   9510.00000000000     
   9513.00000000000     
   9516.00000000000     
   9519.00000000000     
   9522.00000000000     
   9525.00000000000     
   9528.00000000000     
   9531.00000000000     
   9534.00000000000     
   9537.00000000000     
   9540.00000000000     
   9543.00000000000     
   9546.00000000000     
   9549.00000000000     
   9552.00000000000     
   9555.00000000000     
   9558.00000000000     
   9561.00000000000     
   9564.00000000000     
   9567.00000000000     
   9570.00000000000     
   9573.00000000000     
   9576.00000000000     
   9579.00000000000     
   9582.00000000000     
   9585.00000000000     
   9588.00000000000     
   9591.00000000000     
   9594.00000000000     
   9597.00000000000     
   9600.00000000000     
   9603.00000000000     
   9606.00000000000     
   9609.00000000000     
   9612.00000000000     
   9615.00000000000     
   9618.00000000000     
   9621.00000000000     
   9624.00000000000     
   9627.00000000000     
   9630.00000000000     
   9633.00000000000     
   9636.00000000000     
   9639.00000000000     
   9642.00000000000     
   9645.00000000000     
   9648.00000000000     
   9651.00000000000     
   9654.00000000000     
   9657.00000000000     
   9660.00000000000     
   9663.00000000000     
   9666.00000000000     
   9669.00000000000     
   9672.00000000000     
   9675.00000000000     
   9678.00000000000     
   9681.00000000000     
   9684.00000000000     
   9687.00000000000     
   9690.00000000000     
   9693.00000000000     
   9696.00000000000     
   9699.00000000000     
   9702.00000000000     
   9705.00000000000     
   9708.00000000000     
   9711.00000000000     
   9714.00000000000     
   9717.00000000000     
   9720.00000000000     
   9723.00000000000     
   9726.00000000000     
   9729.00000000000     
   9732.00000000000     
   9735.00000000000     
   9738.00000000000     
   9741.00000000000     
   9744.00000000000     
   9747.00000000000     
   9750.00000000000     
   9753.00000000000     
   9756.00000000000     
   9759.00000000000     
   9762.00000000000     
   9765.00000000000     
   9768.00000000000     
   9771.00000000000     
   9774.00000000000     
   9777.00000000000     
   9780.00000000000     
   9783.00000000000     
   9786.00000000000     
   9789.00000000000     
   9792.00000000000     
   9795.00000000000     
   9798.00000000000     
   9801.00000000000     
   9804.00000000000     
   9807.00000000000     
   9810.00000000000     
   9813.00000000000     
   9816.00000000000     
   9819.00000000000     
   9822.00000000000     
   9825.00000000000     
   9828.00000000000     
   9831.00000000000     
   9834.00000000000     
   9837.00000000000     
   9840.00000000000     
   9843.00000000000     
   9846.00000000000     
   9849.00000000000     
   9852.00000000000     
   9855.00000000000     
   9858.00000000000     
   9861.00000000000     
   9864.00000000000     
   9867.00000000000     
   9870.00000000000     
   9873.00000000000     
   9876.00000000000     
   9879.00000000000     
   9882.00000000000     
   9885.00000000000     
   9888.00000000000     
   9891.00000000000     
   9894.00000000000     
   9897.00000000000     
   9900.00000000000     
   9903.00000000000     
   9906.00000000000     
   9909.00000000000     
   9912.00000000000     
   9915.00000000000     
   9918.00000000000     
   9921.00000000000     
   9924.00000000000     
   9927.00000000000     
   9930.00000000000     
   9933.00000000000     
   9936.00000000000     
   9939.00000000000     
   9942.00000000000     
   9945.00000000000     
   9948.00000000000     
   9951.00000000000     
   9954.00000000000     
   9957.00000000000     
   9960.00000000000     
   9963.00000000000     
   9966.00000000000     
   9969.00000000000     
   9972.00000000000     
   9975.00000000000     
   9978.00000000000     
   9981.00000000000     
   9984.00000000000     
   9987.00000000000     
   9990.00000000000     
   9993.00000000000     
   9996.00000000000     
   9999.00000000000     
   10002.0000000000     
   10005.0000000000     
   10008.0000000000     
   10011.0000000000     
   10014.0000000000     
   10017.0000000000     
   10020.0000000000     
   10023.0000000000     
   10026.0000000000     
   10029.0000000000     
   10032.0000000000     
   10035.0000000000     
   10038.0000000000     
   10041.0000000000     
   10044.0000000000     
   10047.0000000000     
   10050.0000000000     
   10053.0000000000     
   10056.0000000000     
   10059.0000000000     
   10062.0000000000     
   10065.0000000000     
   10068.0000000000     
   10071.0000000000     
   10074.0000000000     
   10077.0000000000     
   10080.0000000000     
   10083.0000000000     
   10086.0000000000     
   10089.0000000000     
   10092.0000000000     
   10095.0000000000     
   10098.0000000000     
   10101.0000000000     
   10104.0000000000     
   10107.0000000000     
   10110.0000000000     
   10113.0000000000     
   10116.0000000000     
   10119.0000000000     
   10122.0000000000     
   10125.0000000000     
   10128.0000000000     
   10131.0000000000     
   10134.0000000000     
   10137.0000000000     
   10140.0000000000     
   10143.0000000000     
   10146.0000000000     
   10149.0000000000     
   10152.0000000000     
   10155.0000000000     
   10158.0000000000     
   10161.0000000000     
   10164.0000000000     
   10167.0000000000     
   10170.0000000000     
   10173.0000000000     
   10176.0000000000     
   10179.0000000000     
   10182.0000000000     
   10185.0000000000     
   10188.0000000000     
   10191.0000000000     
   10194.0000000000     
   10197.0000000000     
   10200.0000000000     
   10203.0000000000     
   10206.0000000000     
   10209.0000000000     
   10212.0000000000     
   10215.0000000000     
   10218.0000000000     
   10221.0000000000     
   10224.0000000000     
   10227.0000000000     
   10230.0000000000     
   10233.0000000000     
   10236.0000000000     
   10239.0000000000     
   10242.0000000000     
   10245.0000000000     
   10248.0000000000     
   10251.0000000000     
   10254.0000000000     
   10257.0000000000     
   10260.0000000000     
   10263.0000000000     
   10266.0000000000     
   10269.0000000000     
   10272.0000000000     
   10275.0000000000     
   10278.0000000000     
   10281.0000000000     
   10284.0000000000     
   10287.0000000000     
   10290.0000000000     
   10293.0000000000     
   10296.0000000000     
   10299.0000000000     
   10302.0000000000     
   10305.0000000000     
   10308.0000000000     
   10311.0000000000     
   10314.0000000000     
   10317.0000000000     
   10320.0000000000     
   10323.0000000000     
   10326.0000000000     
   10329.0000000000     
   10332.0000000000     
   10335.0000000000     
   10338.0000000000     
   10341.0000000000     
   10344.0000000000     
   10347.0000000000     
   10350.0000000000     
   10353.0000000000     
   10356.0000000000     
   10359.0000000000     
   10362.0000000000     
   10365.0000000000     
   10368.0000000000     
   10371.0000000000     
   10374.0000000000     
   10377.0000000000     
   10380.0000000000     
   10383.0000000000     
   10386.0000000000     
   10389.0000000000     
   10392.0000000000     
   10395.0000000000     
   10398.0000000000     
   10401.0000000000     
   10404.0000000000     
   10407.0000000000     
   10410.0000000000     
   10413.0000000000     
   10416.0000000000     
   10419.0000000000     
   10422.0000000000     
   10425.0000000000     
   10428.0000000000     
   10431.0000000000     
   10434.0000000000     
   10437.0000000000     
   10440.0000000000     
   10443.0000000000     
   10446.0000000000     
   10449.0000000000     
   10452.0000000000     
   10455.0000000000     
   10458.0000000000     
   10461.0000000000     
   10464.0000000000     
   10467.0000000000     
   10470.0000000000     
   10473.0000000000     
   10476.0000000000     
   10479.0000000000     
   10482.0000000000     
   10485.0000000000     
   10488.0000000000     
   10491.0000000000     
   10494.0000000000     
   10497.0000000000     
   10500.0000000000     
   10503.0000000000     
   10506.0000000000     
   10509.0000000000     
   10512.0000000000     
   10515.0000000000     
   10518.0000000000     
   10521.0000000000     
   10524.0000000000     
   10527.0000000000     
   10530.0000000000     
   10533.0000000000     
   10536.0000000000     
   10539.0000000000     
   10542.0000000000     
   10545.0000000000     
   10548.0000000000     
   10551.0000000000     
   10554.0000000000     
   10557.0000000000     
   10560.0000000000     
   10563.0000000000     
   10566.0000000000     
   10569.0000000000     
   10572.0000000000     
   10575.0000000000     
   10578.0000000000     
   10581.0000000000     
   10584.0000000000     
   10587.0000000000     
   10590.0000000000     
   10593.0000000000     
   10596.0000000000     
   10599.0000000000     
   10602.0000000000     
   10605.0000000000     
   10608.0000000000     
   10611.0000000000     
   10614.0000000000     
   10617.0000000000     
   10620.0000000000     
   10623.0000000000     
   10626.0000000000     
   10629.0000000000     
   10632.0000000000     
   10635.0000000000     
   10638.0000000000     
   10641.0000000000     
   10644.0000000000     
   10647.0000000000     
   10650.0000000000     
   10653.0000000000     
   10656.0000000000     
   10659.0000000000     
   10662.0000000000     
   10665.0000000000     
   10668.0000000000     
   10671.0000000000     
   10674.0000000000     
   10677.0000000000     
   10680.0000000000     
   10683.0000000000     
   10686.0000000000     
   10689.0000000000     
   10692.0000000000     
   10695.0000000000     
   10698.0000000000     
   10701.0000000000     
   10704.0000000000     
   10707.0000000000     
   10710.0000000000     
   10713.0000000000     
   10716.0000000000     
   10719.0000000000     
   10722.0000000000     
   10725.0000000000     
   10728.0000000000     
   10731.0000000000     
   10734.0000000000     
   10737.0000000000     
   10740.0000000000     
   10743.0000000000     
   10746.0000000000     
   10749.0000000000     
   10752.0000000000     
   10755.0000000000     
   10758.0000000000     
   10761.0000000000     
   10764.0000000000     
   10767.0000000000     
   10770.0000000000     
   10773.0000000000     
   10776.0000000000     
   10779.0000000000     
   10782.0000000000     
   10785.0000000000     
   10788.0000000000     
   10791.0000000000     
   10794.0000000000     
   10797.0000000000     
   10800.0000000000     
   10803.0000000000     
